1.6 360.421158086538
1.61 359.24844245219526
1.62 358.9218827639892
1.63 358.14813160003877
1.64 359.0265058632707
1.65 360.02376191100313
1.66 359.2661637605452
1.67 359.57969548840373
1.68 359.25119403381166
1.69 357.62669370340757
1.7 358.9782964713244
1.71 358.02550125538767
1.72 359.0539362039587
1.73 356.6365805559763
1.74 357.7648787989526
1.75 358.5232468926986
1.76 358.2568149097759
1.77 359.8326089716248
1.78 360.18525443968235
1.79 359.8684771573178
1.8 358.4971527724709
1.81 358.3986298922464
1.82 358.2160643056644
1.83 359.54589213946406
1.84 357.1485589221422
1.85 357.2314438776043
1.86 358.2227474218363
1.87 356.7125429154979
1.88 359.1303698141114
1.89 358.22515792700574
1.9 358.56324534201576
1.91 358.7943150751654
1.92 358.8555853739128
1.93 359.18806909278146
1.94 358.1852034656986
1.95 358.4404083346477
1.96 359.00261594773684
1.97 358.5449909293379
1.98 359.0810944694773
1.99 358.13864126913325
2.0 358.6292639465879
2.01 357.4713969371955
2.02 357.46701730891994
2.03 356.3926993687911
2.04 358.2261658304244
2.05 356.9151432622097
2.06 357.63251423607437
2.07 356.2426477279313
2.08 357.7289866025857
2.09 358.8978634315057
2.1 357.91523634861915
2.11 358.95859395096636
2.12 355.7873412933245
2.13 356.3548525449228
2.14 356.377713313792
2.15 359.2531133141632
2.16 357.6228015500867
2.17 359.2712230015637
2.18 356.5264680434338
2.19 356.8506112391111
2.2 357.7430287502459
2.21 359.0608032786239
2.22 356.7421885483069
2.23 356.5845526593931
2.24 355.20119541695817
2.25 358.83986169638047
2.26 358.10904715644966
2.27 357.94821405803407
2.28 357.1489473391381
2.29 359.07008320385955
2.3 357.9841194583812
2.31 358.09467145365556
2.32 357.5038619587625
2.33 357.073333759483
2.34 355.9319376176153
2.35 358.9546631089143
2.36 357.799067072526
2.37 357.34994022665865
2.38 358.4852733941983
2.39 355.86893125937684
2.4 357.82457954191943
2.41 356.52426808212545
2.42 357.0845027265153
2.43 355.86366200619494
2.44 357.05106901994856
2.45 356.2533114054639
2.46 356.6589985141927
2.47 356.9122009990932
2.48 356.7625270689394
2.49 357.06277282277506
2.5 358.7983218974449
2.51 359.38373598141817
2.52 357.91947118515384
2.53 358.81673144502383
2.54 359.0192280558957
2.55 359.3834391303417
2.56 357.69967297156546
2.57 358.44020041841924
2.58 359.6741965650656
2.59 357.8987881522107
2.6 356.7326604407997
2.61 357.41587337902973
2.62 359.7788942406884
2.63 357.99670091543464
2.64 358.9385932977324
2.65 357.6570323902146
2.66 358.74507096040054
2.67 356.09583355425036
2.68 358.4337636987575
2.69 358.7120042143031
2.7 358.6094310943412
2.71 361.8984675825553
2.72 359.19962851799653
2.73 359.60248337829887
2.74 359.49609281356567
2.75 359.8568869835649
2.76 357.74666036815086
2.77 358.8682062967411
2.78 359.60115495565225
2.79 359.20267828112503
2.8 357.9891379629247
2.81 358.74046683522545
2.82 359.88417272540937
2.83 357.4307579337569
2.84 359.85432174840076
2.85 359.25856705064416
2.86 356.6535685360857
2.87 359.56855977213485
2.88 359.3581594700712
2.89 358.50152453578687
2.9 359.25708687315284
2.91 358.41523412322744
2.92 360.77693191289745
2.93 357.24499195139816
2.94 357.4055922622106
2.95 358.4777339350004
2.96 357.4121142459692
2.97 359.3572766673085
2.98 357.78974897026654
2.99 356.9065059278007
3.0 357.57742879879765
3.01 358.3929500174037
3.02 359.2717697674549
3.03 357.2770471901823
3.04 357.7701782743946
3.05 355.6672544915522
3.06 358.3640820826383
3.07 359.2235890271073
3.08 359.7903161730585
3.09 358.6981386226055
3.1 358.41786345399896
3.11 357.7920133739242
3.12 360.4233005595021
3.13 358.1507144702639
3.14 359.01999081166923
3.15 358.8901313257818
3.16 358.457056958115
3.17 355.25489782381715
3.18 359.4834710669712
3.19 359.8191800715154
3.2 359.1157842877502

